=0123456789
볤=4
[]
0001 һ
0002 
0003 
0004 
0005 
0006 
0007 
0008 
0009 ؤ
0010 
0011 
0012 ا
0013 
0014 
0015 ة
0016 
0019 ح
0020 
0021 Ѿ
0022 
0023 
0025 
0026 
0027 ؼ
0028 
0029 
0030 
0031 
0032 
0033 د
0035 
0036 
0037 ֮
0038 է
0039 
0040 
0041 
0042 
0043 
0044 
0045 ؿ
0046 
0047 
0048 Ҳ
0050 
0051 Ǭ
0052 
0053 
0055 
0056 
0057 
0058 
0059 
0060 
0061 
0062 
0063 
0064 
0067 Щ
0068 
0069 ؽ
0070 
0071 
0072 
0073 
0074 
0075 
0076 
0077 
0078 
0079 
0080 ͤ
0081 
0082 
0085 
0086 
0087 ʲ
0088 
0089 ͣ
0090 
0091 
0092 
0093 
0094 
0095 
0096 Ӷ
0097 
0098 
0099 
0100 
0101 
0102 
0103 
0104 
0105 
0106 
0107 Ǫ
0108 
0109 
0110 
0111 
0112 
0113 
0114 
0115 
0116 
0117 
0118 
0119 
0120 
0121 
0122 
0124 
0125 
0126 
0127 
0128 
0129 
0130 
0131 
0132 
0133 
0134 
0135 
0136 
0138 
0139 
0140 
0141 
0143 λ
0144 
0145 ס
0146 
0147 
0149 
0150 ٢
0151 
0152 
0153 
0154 
0155 
0156 
0157 ١
0160 
0161 
0162 
0163 
0165 ٥
0166 
0167 ٬
0168 ٫
0169 ʹ
0170 ٩
0171 
0172 
0173 
0174 
0175 ٪
0176 ٧
0177 ٰ
0178 
0179 
0180 
0181 
0184 
0185 
0186 
0187 
0188 
0189 
0191 
0192 
0193 
0194 
0195 
0196 
0197 ٸ
0198 
0199 
0200 ٵ
0202 
0203 ٹ
0204 
0205 
0207 
0208 
0210 
0212 
0213 پ
0214 
0215 
0216 ٽ
0218 ٺ
0219 
0220 
0221 
0223 
0224 
0225 ٿ
0226 
0227 
0229 
0230 
0231 
0232 
0234 
0235 
0237 ֵ
0238 
0239 
0240 
0241 ٻ
0242 
0243 
0244 
0245 
0246 
0247 ɵ
0249 
0250 
0251 ΰ
0252 ƫ
0253 
0254 
0255 ͣ
0256 
0258 
0259 
0260 ż
0261 
0262 ͵
0263 
0264 
0265 
0266 
0267 
0269 
0270 ɡ
0271 
0275 
0277 
0278 
0279 
0280 ծ
0281 
0282 
0283 
0284 
0286 
0287 
0288 
0291 
0292 
0294 
0296 
0297 
0298 α
0299 
0300 ɮ
0301 
0302 
0304 
0306 Ƨ
0308 
0309 ٯ
0310 
0311 
0312 
0313 
0317 
0318 
0319 
0320 
0321 ٱ
0322 ٭
0326 
0327 
0328 
0330 ٳ
0331 
0332 ٲ
0334 
0335 أ
0336 
0337 Ԫ
0338 
0339 
0340 
0341 
0342 
0344 
0345 
0346 
0347 
0348 
0349 
0350 
0351 
0352 
0354 
0355 
0356 ȫ
0357 
0359 
0360 
0361 
0362 
0363 
0364 
0365 
0366 
0367 
0368 
0369 
0370 
0371 
0372 
0373 Ƚ
0374 
0375 
0378 
0379 ð
0380 
0381 
0382 ڢ
0383 
0385 
0386 ڣ
0387 ԩ
0388 ڤ
0389 
0390 
0391 
0392 
0393 
0394 
0395 
0396 ұ
0397 
0399 
0400 
0401 
0402 ׼
0403 
0404 
0405 
0406 
0407 
0408 
0410 
0412 
0413 
0414 
0415 
0416 
0417 ƾ
0418 
0419 
0420 
0421 
0422 
0423 
0424 ͹
0425 
0427 
0428 
0429 
0430 
0431 
0432 
0433 
0434 
0435 
0436 
0437 
0438 
0439 
0440 
0441 
0442 
0443 
0444 ɾ
0445 
0446 
0448 
0449 
0450 
0451 
0453 
0455 
0456 ˢ
0457 ȯ
0458 ɲ
0459 
0461 
0462 
0463 
0465 
0466 
0467 ǰ
0468 
0469 
0470 
0471 
0472 
0474 
0475 
0476 ʣ
0477 
0478 
0479 
0480 
0481 
0482 
0484 
0485 
0489 
0490 
0491 
0492 
0494 
0495 
0496 
0500 
0501 
0502 
0503 
0504 
0505 Ŭ
0506 
0507 ۾
0508 ۿ
0511 
0513 
0514 
0515 
0516 
0517 
0519 
0520 
0521 
0522 
0523 
0524 ʤ
0525 
0527 
0528 
0530 
0533 
0535 ۽
0536 
0538 Ȱ
0539 
0540 
0541 
0542 
0543 
0545 
0546 
0548 
0549 
0550 
0551 
0552 ذ
0553 
0554 
0555 
0556 
0557 
0559 
0561 
0562 
0563 ϻ
0564 
0565 
0566 
0567 
0570 
0572 ƥ
0573 
0574 
0575 
0576 
0577 ʮ
0578 ǧ
0579 إ
0580 ئ
0581 
0582 
0583 
0584 
0585 
0586 
0587 ׿
0588 Э
0589 
0590 
0592 
0593 
0594 ռ
0595 
0596 
0597 
0598 
0599 
0602 î
0603 ӡ
0604 Σ
0606 ȴ
0607 
0608 
0609 ж
0610 
0613 
0615 
0616 
0617 
0618 
0622 
0623 
0624 
0625 
0626 ԭ
0627 
0628 
0630 
0631 
0632 
0633 
0634 
0635 
0637 ȥ
0638 
0639 
0642 
0643 
0644 
0645 
0646 
0647 
0648 ȡ
0649 
0650 
0651 
0652 
0654 
0655 
0656 
0657 
0658 
0659 
0660 ߶
0661 ߵ
0662 ֻ
0663 
0664 
0665 
0666 
0667 ߳
0668 
0669 ̨
0670 ʷ
0671 
0672 
0673 Ҷ
0674 ˾
0675 
0676 
0677 
0678 
0679 
0680 
0681 ͬ
0682 
0683 
0684 
0685 
0686 
0687 
0688 ߸
0689 
0690 
0691 
0692 
0693 
0694 
0695 
0696 
0697 ߺ
0698 
0699 
0700 ˱
0701 
0702 
0703 
0704 
0705 
0706 
0707 
0708 
0709 
0710 
0711 ѽ
0712 
0713 
0714 
0715 
0716 
0717 
0718 ߻
0719 
0720 
0721 
0722 
0724 ζ
0725 
0727 
0728 
0729 
0730 
0731 
0732 
0733 
0734 
0735 
0736 
0737 ӽ
0738 զ
0739 
0740 
0741 
0742 
0743 
0744 
0745 
0746 
0747 ҧ
0748 
0749 
0750 
0751 
0752 
0754 
0755 
0756 Ʒ
0757 
0758 
0759 
0760 
0761 
0762 
0763 
0764 
0765 Ա
0766 
0767 
0769 
0770 
0771 
0772 
0773 
0774 
0775 
0776 
0777 
0778 
0780 
0781 
0782 
0783 
0784 
0785 
0786 
0787 Ψ
0788 
0789 
0790 
0791 
0793 
0794 
0795 
0796 
0797 
0798 ɶ
0799 
0800 
0801 
0802 ơ
0803 
0804 
0805 
0806 
0807 
0808 ι
0809 
0810 
0812 
0813 
0814 
0815 
0816 
0818 
0819 
0820 
0821 
0822 
0823 ϲ
0824 
0825 
0826 
0827 
0828 ɥ
0829 
0830 
0831 
0832 
0833 
0834 
0835 
0836 
0837 ɤ
0838 
0839 
0840 
0841 
0842 
0843 
0844 
0845 
0846 
0847 Ӵ
0849 
0850 Ǻ
0851 
0852 
0853 
0855 ̾
0856 
0857 
0858 
0859 
0860 
0862 
0863 
0864 
0865 
0866 
0867 
0868 Ż
0869 
0870 
0871 
0872 
0873 
0874 
0875 ߴ
0876 Х
0877 
0878 
0879 
0880 ˻
0881 
0882 
0883 
0884 
0886 
0887 
0888 ҭ
0889 
0891 
0892 
0893 ج
0894 
0895 
0896 
0897 
0898 
0899 
0900 
0901 
0902 
0903 
0904 
0905 
0906 
0908 
0909 
0912 
0917 
0918 
0919 
0920 
0921 
0922 
0923 
0924 
0926 
0927 ļ
0928 
0930 ߷
0931 
0932 
0933 
0934 
0935 
0936 
0937 
0938 
0939 
0941 
0942 
0943 
0944 
0945 
0946 Ȧ
0947 
0948 
0950 
0953 Χ
0954 ԰
0955 Բ
0956 ͼ
0957 
0958 
0960 
0961 
0962 
0963 
0964 
0965 
0966 
0967 
0968 ַ
0969 
0970 
0971 
0972 
0973 ̮
0974 
0975 
0976 
0977 
0978 
0979 
0980 
0981 
0982 ̹
0983 
0984 
0985 
0986 
0987 
0988 ƺ
0989 
0991 
0992 
0993 
0995 
0996 
0997 ԫ
0998 
0999 
1000 
1001 
1002 
1003 
1004 
1005 
1006 
1007 
1008 
1009 
1010 
1011 ܤ
1012 
1013 ִ
1014 
1015 
1016 
1017 
1018 
1019 
1020 
1021 
1023 
1025 ܧ
1026 ܦ
1027 
1028 ܩ
1029 
1030 
1031 Ң
1032 
1033 
1034 
1035 
1036 
1037 
1039 
1040 
1041 
1042 
1043 
1044 
1045 Ĺ
1048 
1049 
1050 
1051 
1052 
1053 
1054 
1056 
1057 
1058 ǵ
1060 
1062 ܯ
1063 ܬ
1064 
1065 
1066 ܭ
1067 
1071 ׹
1073 
1074 
1075 ī
1076 
1077 
1080 ܨ
1083 
1084 
1085 
1086 ̳
1089 
1090 ѹ
1091 
1093 
1094 
1096 ¢
1097 
1099 
1101 
1102 ʿ
1103 
1104 ׳
1105 Ҽ
1106 
1108 
1110 
1111 
1113 
1115 
1116 
1118 
1119 Ϧ
1120 
1121 
1122 
1123 ҹ
1124 
1125 
1126 
1127 
1128 
1129 
1130 ز
1131 
1132 ̫
1133 
1135 
1136 ʧ
1137 
1138 
1139 
1140 
1141 
1142 
1143 
1144 
1145 
1146 
1147 ۼ
1148 
1149 
1150 
1152 
1153 
1154 
1155 
1156 
1158 
1159 
1160 
1161 
1162 
1164 
1166 Ů
1167 ū
1168 
1169 
1170 
1171 
1172 
1173 
1174 
1175 
1176 
1177 
1178 
1179 
1180 
1181 
1182 ױ
1183 
1184 
1185 
1186 
1187 
1188 
1189 
1190 
1191 ķ
1192 
1193 ʼ
1194 
1195 
1196 
1197 
1198 
1199 
1200 
1201 ί
1202 Ҧ
1203 
1204 
1207 
1209 
1210 
1212 ֶ
1213 
1215 
1216 
1217 
1218 
1219 
1222 
1223 
1224 
1225 
1226 
1227 
1228 
1229 
1230 
1231 
1232 
1233 
1234 
1235 Ȣ
1236 ¦
1237 
1238 
1239 
1240 
1241 
1242 
1244 
1245 
1246 
1247 
1250 
1251 
1252 ý
1253 
1254 
1257 
1261 ϱ
1262 
1263 
1264 
1265 
1266 
1268 
1269 ɩ
1271 
1273 
1274 
1276 
1277 
1278 
1279 
1280 
1281 
1282 
1284 
1286 
1287 
1288 
1289 
1290 
1291 
1292 
1293 
1295 
1296 
1297 
1299 
1300 
1301 
1302 
1303 
1305 Ӥ
1306 
1307 
1309 
1310 
1311 
1313 
1314 
1315 
1316 
1317 
1318 
1319 
1320 
1321 Т
1322 
1323 
1324 
1325 
1326 
1327 
1328 
1329 
1330 
1331 ѧ
1332 
1334 
1335 
1336 
1337 
1338 
1339 
1341 լ
1342 
1343 
1344 
1345 
1346 
1347 
1348 
1349 
1350 
1351 
1352 
1353 
1354 
1355 
1356 
1357 
1358 
1359 
1360 
1362 
1363 
1364 
1365 
1366 
1367 
1368 
1369 
1372 
1374 
1376 
1377 
1378 
1379 
1380 
1381 
1382 
1383 
1384 Ԣ
1389 į
1390 
1391 
1392 
1393 
1394 
1395 ʵ
1396 կ
1399 
1400 д
1401 
1402 
1403 
1404 
1405 
1407 
1408 
1409 
1410 
1412 
1413 ר
1414 ξ
1415 
1416 Ѱ
1417 
1418 
1419 
1420 С
1421 
1422 
1423 
1424 
1427 
1428 
1429 
1432 
1434 
1435 
1436 
1437 ʬ
1438 
1439 
1440 
1441 
1442 β
1443 
1444 
1445 ƨ
1446 
1447 
1448 
1449 
1450 
1452 ʺ
1453 
1454 м
1455 չ
1456 
1458 
1459 
1460 
1461 
1462 
1464 
1466 
1468 
1469 
1470 
1471 
1472 ɽ
1473 
1474 
1475 
1476 
1477 
1478 
1479 
1481 
1482 
1483 
1484 
1485 
1486 
1487 
1488 
1489 
1490 
1491 
1492 
1493 
1494 
1495 
1496 
1497 
1498 
1499 Ͽ
1501 
1502 
1503 
1504 
1505 
1506 
1508 
1509 
1511 
1512 
1513 
1514 
1516 
1517 
1518 
1519 
1520 
1521 
1522 
1523 Ƕ
1526 
1529 
1530 
1531 
1532 
1534 
1535 ո
1536 
1539 
1540 
1541 
1542 
1543 
1544 
1545 
1546 
1547 
1549 
1550 Ρ
1551 
1553 
1555 
1556 
1557 
1558 
1559 Ѳ
1560 
1561 
1562 
1563 
1564 
1565 
1566 
1567 
1568 
1569 
1570 
1571 
1572 
1573 ش
1574 
1575 
1576 
1577 
1578 
1579 
1580 
1581 
1583 
1584 
1585 ϣ
1586 
1588 
1589 
1590 
1591 
1592 
1593 
1596 ˧
1597 ʦ
1598 ϯ
1600 
1601 
1602 
1603 
1604 ñ
1605 
1606 
1607 
1608 ֡
1610 
1611 
1612 Ļ
1613 
1614 
1615 
1616 
1617 
1620 
1621 
1625 
1626 
1627 ƽ
1628 
1629 
1630 
1632 
1633 
1634 
1635 
1636 
1638 
1639 
1640 
1641 
1642 
1643 
1644 
1645 
1646 
1647 
1648 
1649 
1650 
1651 
1652 
1653 
1654 
1655 
1656 ͥ
1657 
1658 
1659 
1660 
1661 ӹ
1662 
1666 
1668 
1670 
1671 
1673 
1674 
1675 
1676 
1679 
1680 
1682 
1683 
1685 
1686 
1687 ®
1689 
1690 
1691 
1692 
1693 
1694 ͢
1696 
1699 
1701 
1702 Ū
1704 
1705 
1706 ݢ
1707 ߮
1708 
1709 ʽ
1710 ߱
1712 
1714 
1715 
1716 
1717 
1720 
1721 
1722 
1725 
1726 
1728 
1730 ǿ
1732 
1733 
1734 
1736 
1737 
1738 
1739 
1740 
1741 
1742 
1744 
1746 
1747 
1748 
1749 ͮ
1750 
1752 
1753 
1755 
1756 
1757 
1758 Ӱ
1760 
1761 
1762 
1763 
1764 
1766 
1767 
1768 
1769 
1770 
1771 
1772 
1773 
1774 
1775 
1776 
1777 
1778 ͽ
1779 
1780 
1781 
1782 
1783 
1784 
1785 
1787 
1788 
1789 ѭ
1790 
1791 
1792 ΢
1793 
1794 
1795 
1796 
1797 
1798 
1799 
1800 
1801 
1802 
1803 
1804 
1805 ߯
1806 
1807 ־
1808 
1809 
1810 
1811 æ
1812 
1813 
1814 
1815 
1816 
1817 
1818 
1819 
1820 
1821 
1822 
1823 
1824 
1825 
1826 
1827 
1828 
1829 ŭ
1830 
1831 
1833 
1834 
1835 ˼
1836 
1837 
1838 
1839 
1840 
1841 Թ
1842 
1843 
1844 
1845 
1847 
1849 
1850 
1851 
1852 
1853 
1854 
1855 
1857 
1858 
1859 ˡ
1860 
1861 
1862 
1863 
1864 
1865 
1867 
1868 
1869 
1870 
1871 
1872 
1873 Ϣ
1874 ǡ
1875 
1877 
1878 
1879 
1880 
1881 
1882 
1883 
1884 
1885 Ϥ
1886 
1887 
1888 
1889 
1890 
1891 
1894 
1896 
1897 
1898 
1899 
1900 
1901 
1902 
1905 
1906 
1907 
1910 
1912 
1913 
1915 
1917 ϧ
1918 
1919 Ω
1920 
1921 
1923 
1924 
1925 
1926 
1927 
1928 
1929 
1931 
1932 
1933 
1934 
1935 
1936 
1937 
1938 
1940 
1941 
1942 
1945 
1946 
1947 
1948 
1949 
1950 
1951 
1952 
1953 
1955 
1956 
1957 
1958 
1959 Ը
1960 
1964 
1965 
1966 ̬
1967 
1969 
1970 Ľ
1971 
1973 
1974 
1975 
1976 
1977 
1979 
1980 
1981 
1982 
1983 ο
1984 
1986 
1987 
1988 
1992 
1994 
1995 
1997 
1998 
1999 
2000 
2001 
2002 
2003 
2004 
2005 
2006 
2007 
2009 
2011 
2013 
2016 
2017 
2018 и
2019 Ӧ
2020 
2021 
2022 
2023 
2025 
2029 
2030 
2032 ų
2033 
2034 ܲ
2035 
2036 
2037 
2038 
2039 
2040 
2042 
2043 
2044 
2045 
2047 
2048 
2049 
2050 
2051 
2052 
2053 
2054 
2055 
2056 
2057 
2058 
2059 
2060 
2061 
2062 
2063 
2065 
2066 
2067 
2068 ¾
2069 ս
2070 Ϸ
2071 
2072 
2073 
2074 
2075 
2076 
2077 
2078 
2079 
2082 
2083 
2084 
2086 
2087 
2088 
2089 
2090 
2091 
2092 
2093 
2094 
2095 
2096 
2098 ߦ
2099 
2100 Ť
2101 
2102 
2104 
2105 
2106 
2107 
2108 
2109 
2110 
2111 
2113 
2115 
2116 
2117 
2118 
2119 ץ
2121 Ͷ
2122 
2123 
2124 
2125 
2126 
2127 ̧
2128 
2129 
2130 Ĩ
2131 Ѻ
2132 
2133 
2134 
2135 
2136 Ĵ
2137 
2138 
2139 
2140 
2141 
2142 
2143 
2145 
2146 
2147 
2148 
2149 
2151 
2152 
2153 
2154 ׾
2155 
2156 
2157 
2158 
2159 
2160 
2161 
2162 
2163 
2164 ȭ
2165 ˩
2166 
2167 ק
2168 ʰ
2169 
2170 
2171 
2172 ָ
2173 
2174 
2175 
2176 
2177 
2178 ƴ
2179 
2180 Ų
2181 
2182 
2183 ͱ
2184 
2185 ͦ
2187 
2188 Ю
2190 
2191 ׽
2192 
2193 
2194 
2195 
2196 
2197 
2198 
2199 
2200 
2201 
2203 
2204 
2205 
2206 
2207 
2209 
2211 
2212 
2213 
2214 
2216 
2217 ɨ
2218 
2219 
2220 
2221 
2222 
2223 
2224 
2225 
2226 
2227 Ҵ
2228 
2230 
2232 ̽
2233 
2234 
2235 
2236 
2237 
2238 
2239 
2241 
2245 
2246 
2247 
2248 
2249 
2250 
2251 
2252 
2253 Ҿ
2254 
2255 
2257 
2258 
2259 
2260 
2261 
2262 
2263 
2264 
2266 Ԯ
2268 
2269 
2271 
2275 
2276 
2278 
2279 ɦ
2280 ҡ
2281 
2282 
2283 
2286 
2288 
2289 
2290 
2291 
2292 ˤ
2293 
2294 
2296 
2297 
2298 ժ
2299 §
2300 
2301 
2302 Ħ
2303 
2304 ֿ
2305 
2306 
2307 
2308 ġ
2309 ߡ
2310 
2311 
2313 
2316 
2317 Ʋ
2318 
2319 
2320 
2321 
2322 ˺
2323 ߤ
2326 ײ
2327 
2328 
2329 
2330 
2331 
2332 ׫
2334 
2335 
2336 ߫
2337 ̢
2338 
2339 
2340 ӵ
2341 
2342 °
2343 
2344 
2345 
2346 
2347 
2348 
2349 š
2350 
2352 ߨ
2353 
2355 ߢ
2356 
2357 
2359 ߪ
2361 
2362 
2363 
2364 
2365 
2367 
2368 
2369 
2370 
2371 
2372 
2373 
2374 
2375 
2376 
2377 Я
2378 
2379 £
2380 
2381 
2382 ̯
2383 
2384 
2385 
2388 ֧
2391 
2392 
2394 
2395 
2396 
2397 
2398 
2399 
2400 Ч
2401 
2403 
2404 
2405 
2406 
2407 
2408 
2411 
2412 
2413 
2414 ɢ
2415 
2417 
2418 
2419 
2420 
2421 
2422 
2425 
2426 
2429 
2430 
2431 
2432 
2433 
2434 
2435 
2436 
2437 
2438 б
2440 
2441 
2443 
2444 
2445 
2447 ն
2448 ˹
2450 
2451 
2455 
2456 
2457 ʩ
2459 
2460 
2462 
2463 
2464 
2465 
2467 
2468 
2469 
2470 
2471 
2475 
2476 
2477 
2478 
2480 
2481 
2482 ּ
2483 
2484 Ѯ
2485 
2486 
2487 
2488 ɹ
2489 
2490 
2491 
2492 
2493 
2494 
2495 
2496 
2497 
2498 
2500 
2501 
2502 
2503 ӳ
2504 
2505 
2506 
2507 
2508 
2509 
2510 
2511 
2512 
2513 
2514 ʱ
2515 
2516 
2517 
2518 
2519 
2521 
2523 
2524 
2525 
2526 
2528 
2529 
2530 
2531 
2532 
2533 
2534 
2535 
2537 
2538 Ͼ
2540 
2541 ů
2542 
2544 
2545 
2546 
2547 
2548 
2550 ĺ
2552 
2554 
2555 
2556 
2557 
2560 
2562 
2564 
2565 
2566 
2568 
2569 
2571 
2574 Ի
2575 
2576 ҷ
2577 
2578 
2579 
2580 
2581 
2582 
2583 
2584 
2585 
2588 
2589 
2590 
2591 
2592 ˷
2593 
2596 
2597 
2598 
2600 
2601 
2603 
2604 
2605 
2606 ľ
2607 δ
2608 ĩ
2609 
2610 
2611 
2612 
2613 
2614 
2615 
2616 
2617 
2618 
2619 ɼ
2620 
2621 
2622 
2623 
2624 
2625 
2626 
2627 
2629 
2630 
2631 
2633 ˨
2634 
2635 
2636 
2637 
2638 
2639 
2640 
2641 
2643 
2644 
2645 
2646 
2647 
2648 
2649 
2650 
2651 
2653 ö
2654 
2655 ֦
2657 
2658 
2660 
2661 
2663 
2664 
2665 
2666 
2667 
2670 
2671 
2672 
2673 ĳ
2674 
2675 
2676 Ⱦ
2677 
2678 
2679 
2680 
2681 
2682 
2683 
2685 
2686 
2687 
2688 
2690 
2691 
2692 
2693 
2694 դ
2695 
2698 
2699 У
2700 
2701 
2702 
2704 
2706 
2707 
2708 
2709 
2710 
2711 
2712 Φ
2713 
2714 
2715 
2716 
2717 ͩ
2718 ɣ
2719 
2720 
2721 
2722 
2723 
2724 
2725 
2726 
2727 
2729 Ͱ
2730 
2732 
2733 
2734 ÷
2735 
2736 
2737 
2738 
2739 
2742 
2743 
2744 
2745 
2746 
2747 
2748 
2750 е
2752 
2753 
2757 
2758 
2759 
2760 
2761 
2762 
2763 
2764 
2765 
2766 
2767 
2768 
2769 
2770 ջ
2773 ɭ
2774 
2775 
2777 
2778 
2779 
2781 
2783 
2784 ֲ
2785 ׵
2786 
2789 
2791 
2794 Ҭ
2795 
2796 
2797 
2799 
2800 
2801 Ш
2802 
2803 
2806 
2807 
2808 
2809 
2810 
2812 
2813 
2814 ҵ
2816 
2817 
2818 
2819 
2822 
2823 
2825 
2826 
2827 
2829 
2830 
2831 
2833 
2834 ե
2835 
2836 
2837 
2838 
2839 
2840 
2842 
2844 
2845 
2846 
2847 ǹ
2848 
2849 
2854 ȶ
2858 
2861 
2862 
2863 
2864 
2865 
2866 ׮
2867 
2868 
2869 ¥
2871 
2873 
2874 
2875 ģ
2876 
2877 
2878 
2880 
2882 
2884 
2885 
2886 
2887 
2888 
2889 
2890 
2891 
2892 
2893 
2895 
2897 
2898 
2899 
2900 
2901 
2904 
2905 ̴
2906 
2907 ϭ
2908 
2909 
2910 
2913 
2914 
2915 
2916 
2919 
2920 
2924 
2925 
2927 
2928 
2929 
2930 
2931 
2932 
2933 
2934 
2936 
2937 ӣ
2938 Ȩ
2940 
2941 
2943 
2944 Ƿ
2945 
2946 
2948 
2949 
2950 
2951 
2952 
2953 
2955 
2956 
2957 Ъ
2959 Ǹ
2960 
2962 ŷ
2965 
2968 
2970 
2972 ֹ
2973 
2974 
2975 
2976 
2977 
2978 
2979 
2980 
2981 
2982 
2983 
2984 
2985 
2987 
2988 
2989 
2990 
2991 ѳ
2992 
2993 
2994 ֳ
2995 
2997 
2998 
2999 
3000 
3002 
3003 
3004 
3005 
3006 
3007 
3008 
3009 
3010 ɱ
3013 
3014 
3015 
3016 Ź
3018 ĸ
3019 
3020 ÿ
3021 
3022 ع
3024 
3025 
3026 
3028 
3029 ë
3030 ձ
3032 
3034 ̺
3035 
3036 
3037 
3039 
3042 
3044 
3045 ص
3046 
3047 å
3048 
3049 
3050 
3052 
3053 
3054 
3055 ˮ
3057 
3059 ֭
3060 ͡
3061 
3063 
3064 
3065 Ѵ
3066 
3067 
3068 
3069 
3070 
3071 ϫ
3072 
3073 
3074 
3075 
3076 
3077 ̭
3078 
3079 
3080 
3081 
3083 
3084 
3085 
3086 
3087 
3088 
3089 
3090 
3092 
3093 û
3094 
3097 ɳ
3099 
3100 
3101 
3102 
3104 
3106 ĭ
3107 
3108 
3109 
3110 
3111 
3112 
3113 
3114 
3115 մ
3116 
3118 й
3119 
3120 
3121 
3123 Ȫ
3124 
3125 
3126 
3127 
3128 
3131 
3132 
3133 
3134 
3135 
3136 
3137 ע
3138 
3139 
3140 
3141 ̩
3142 
3144 Ӿ
3145 
3147 
3148 
3150 
3152 
3153 
3154 
3155 
3156 ϴ
3157 
3159 
3160 
3161 
3163 
3164 
3165 
3166 
3167 
3168 
3169 
3170 
3172 
3173 
3174 Ǣ
3175 
3177 
3178 
3179 
3180 
3181 
3182 
3183 
3184 
3185 
3186 
3187 
3188 ԡ
3189 
3190 
3193 
3194 
3195 
3196 
3197 
3198 
3199 
3200 
3203 
3205 Ϳ
3206 
3207 
3208 
3209 
3210 Һ
3211 
3212 
3213 
3214 
3215 
3216 
3217 
3218 
3219 
3220 Ԩ
3221 
3222 
3223 
3224 
3225 
3226 
3227 
3229 
3230 
3231 
3232 
3234 
3235 
3236 
3237 
3238 
3239 ǳ
3240 
3241 
3242 
3244 
3245 
3246 
3247 
3248 
3251 
3252 
3254 
3255 
3256 
3257 
3258 
3259 
3260 
3261 
3262 μ
3263 
3265 
3266 
3267 
3268 
3269 
3270 
3272 
3273 
3274 
3275 
3276 
3277 տ
3280 
3281 
3282 
3285 
3288 
3289 
3293 Դ
3296 
3297 
3298 
3300 
3302 
3303 
3305 Ϫ
3306 
3307 
3308 
3309 
3310 
3311 
3312 
3314 
3315 
3316 
3318 
3319 
3320 
3321 
3322 
3323 
3324 
3325 
3326 
3328 
3329 
3333 
3334 
3336 
3337 
3338 
3340 
3341 
3342 
3343 Ư
3344 
3345 ©
3346 
3347 
3348 
3351 Į
3352 
3353 
3354 
3355 
3356 
3357 
3358 
3359 
3360 
3361 
3362 
3363 
3364 
3367 
3369 
3371 Ž
3373 
3374 
3375 
3376 
3378 
3379 
3380 
3381 
3382 
3383 Ǳ
3385 
3386 
3387 
3388 
3389 ̶
3390 
3391 
3392 
3393 
3394 
3395 
3396 ɬ
3397 
3398 
3399 
3400 
3402 
3403 
3406 º
3410 
3412 
3415 
3419 
3420 
3421 
3422 
3423 
3424 
3425 
3426 Ũ
3427 
3430 
3436 
3438 Ţ
3440 ʪ
3444 
3445 
3446 
3447 
3448 
3450 
3451 
3452 Ϋ
3453 
3454 к
3456 
3457 
3458 
3459 
3460 
3461 
3462 
3464 
3465 
3466 
3467 
3468 
3469 
3470 
3471 
3472 
3474 
3476 
3478 
3481 
3482 
3485 
3487 
3488 
3490 
3492 ̲
3493 
3494 
3495 
3496 
3497 
3498 ը
3499 
3500 
3501 
3502 
3503 
3504 
3506 
3507 
3508 
3509 
3510 
3511 
3514 
3515 
3516 ̿
3517 
3518 
3520 
3521 
3522 
3525 
3527 
3529 
3530 
3533 
3534 
3536 
3538 
3539 
3542 
3543 
3544 Ȼ
3547 
3548 
3549 
3550 
3551 
3552 
3553 
3554 
3555 
3556 
3558 
3559 ɷ
3560 
3561 ú
3562 
3563 
3564 
3565 
3566 
3568 
3569 ɿ
3571 Ϩ
3574 
3575 Ѭ
3576 ӫ
3578 
3579 
3580 
3581 
3583 
3584 
3588 
3589 
3593 ũ
3594 
3595 ȼ
3597 
3598 
3599 
3600 
3601 
3602 Ӫ
3603 
3604 
3605 
3606 
3608 
3610 
3611 
3612 
3614 
3615 
3617 ˸
3619 ¯
3620 
3622 
3625 
3626 
3627 
3628 
3629 צ
3630 
3632 
3633 
3634 Ϊ
3635 
3636 
3637 
3638 
3639 ү
3640 
3641 س
3642 ˬ
3644 
3645 
3651 Ƭ
3652 
3654 
3655 
3657 
3658 
3660 
3661 
3662 ţ
3663 
3664 Ĳ
3665 ĵ
3666 
3668 
3670 
3672 
3673 
3674 
3676 
3677 ǣ
3678 
3679 Ϭ
3680 
3682 
3683 
3684 
3685 
3686 
3689 Ȯ
3690 
3691 
3692 ״
3693 
3694 
3695 
3696 
3697 
3698 
3699 
3700 
3701 
3703 
3704 
3705 
3706 
3707 
3708 
3709 
3710 
3711 
3712 
3714 
3715 
3716 
3717 
3718 
3719 
3720 
3721 
3722 
3724 
3725 
3726 
3727 
3728 è
3729 
3730 
3731 
3733 
3735 
3736 
3737 Գ
3739 
3740 ʨ
3741 
3742 
3743 
3744 
3747 
3748 
3749 
3750 
3752 
3753 
3755 
3756 
3757 
3758 ̡
3759 
3761 
3762 
3763 
3764 
3767 
3768 
3769 
3773 
3774 
3776 
3778 
3779 
3780 õ
3781 
3782 
3783 
3784 
3786 
3787 
3788 
3789 
3790 ɺ
3791 
3794 
3796 
3797 
3799 
3801 
3803 
3804 
3807 
3808 
3809 
3810 
3812 
3815 
3818 
3819 
3820 
3822 
3823 
3824 
3825 
3827 
3829 
3830 
3831 
3832 
3834 
3837 
3838 
3839 
3840 
3841 
3842 
3843 
3844 ɪ
3847 
3850 
3851 
3852 
3853 Ө
3854 
3855 
3862 
3863 
3864 
3866 
3872 
3873 
3874 
3875 
3877 
3880 
3881 
3883 
3886 
3891 
3892 
3895 
3900 
3901 
3902 
3903 ư
3904 
3905 ȿ
3906 
3907 
3908 
3909 
3910 ƿ
3911 
3914 
3915 
3916 
3917 
3918 
3920 
3921 
3927 
3928 
3929 
3931 
3932 
3934 
3935 
3937 
3938 
3940 
3941 
3942 
3943 ˦
3944 
3945 
3946 
3947 
3948 
3949 
3951 
3952 
3953 
3954 
3955 
3956 η
3957 
3961 
3962 
3963 
3964 
3965 Ķ
3966 
3968 
3970 
3971 
3972 
3973 
3974 
3979 
3981 
3982 
3983 
3984 
3985 
3987 
3988 
3990 
3992 
3993 
3994 
3995 
3996 
3997 
3998 
3999 
4001 
4002 
4003 
4004 
4005 
4006 ƣ
4007 
4008 
4009 
4010 
4011 
4012 
4013 
4014 
4016 
4017 ֢
4018 
4019 Ȭ
4020 
4021 
4022 
4023 
4024 
4025 
4026 
4027 ʹ
4028 Ʀ
4029 
4031 
4032 
4033 ̵
4034 
4035 
4036 
4037 
4039 
4040 
4041 
4042 
4045 
4046 
4049 
4050 
4051 
4053 
4054 
4055 
4056 
4057 
4058 
4059 
4060 
4061 ű
4063 ȳ
4064 
4065 
4066 
4067 
4068 
4069 
4070 
4071 
4072 
4073 
4074 
4075 
4078 
4079 
4080 
4081 
4085 
4086 
4087 
4088 
4089 Ѣ
4090 
4091 
4092 Ӹ
4093 ̱
4094 
4095 
4097 
4098 
4099 
4100 
4101 
4102 
4103 
4104 
4105 
4106 
4107 
4108 
4109 
4110 
4111 
4112 
4114 
4115 
4121 
4122 Ƥ
4123 
4125 
4126 
4128 
4129 
4130 
4132 
4133 
4134 ӯ
4135 
4137 
4138 
4139 
4140 
4141 ʢ
4142 
4144 յ
4145 
4147 
4148 
4149 
4150 
4151 ¬
4157 
4158 Ŀ
4159 ä
4160 ֱ
4161 
4162 
4163 
4164 ʡ
4165 
4166 
4167 
4168 ü
4169 
4170 
4172 գ
4173 
4174 
4176 
4177 
4178 
4180 
4181 ѣ
4182 
4183 
4184 
4186 
4187 
4188 
4189 
4190 
4192 
4194 
4195 
4197 
4199 
4200 
4201 
4202 
4203 غ
4204 ˯
4205 
4206 
4207 
4208 
4209 
4211 
4212 
4213 
4214 
4218 
4219 Ϲ
4220 
4221 
4222 
4223 
4224 Ƴ
4225 
4226 ˲
4227 ͫ
4230 
4232 հ
4233 
4234 
4236 
4238 
4240 ޫ
4241 
4242 
4243 ì
4244 
4246 
4247 ʸ
4248 
4249 ֪
4250 
4251 
4252 
4253 
4255 
4258 ʯ
4263 ɰ
4264 
4265 
4266 
4267 
4268 
4269 
4270 
4271 
4272 
4273 
4274 
4275 
4277 
4278 
4279 
4280 
4282 
4283 
4285 
4286 
4287 
4288 
4289 Ӳ
4290 
4291 
4292 ȷ
4293 
4294 µ
4295 
4296 
4297 
4299 
4301 
4302 
4304 
4306 
4307 
4308 
4309 
4310 
4311 ˶
4314 
4316 
4317 
4318 
4319 
4320 
4321 
4322 
4323 
4324 
4325 
4326 
4327 
4329 
4331 ש
4332 
4333 ĥ
4334 
4335 
4336 
4337 
4338 
4339 
4340 
4342 
4345 
4347 
4349 
4350 
4351 
4352 
4353 
4354 
4355 ʾ
4357 
4358 
4359 
4360 
4362 
4363 
4369 
4371 
4372 
4373 
4374 
4375 
4376 ף
4377 
4378 
4379 
4382 
4383 
4384 Ʊ
4385 
4387 
4388 
4389 »
4390 
4391 
4393 
4394 
4395 
4397 
4404 
4406 
4407 
4409 
4410 
4411 
4412 
4414 
4416 
4417 خ
4418 
4419 
4420 
4421 
4422 ͺ
4423 
4424 ˽
4426 
4427 
4428 
4429 
4430 
4431 
4432 
4434 
4436 
4438 
4439 
4440 
4441 
4442 
4443 
4444 
4447 
4448 
4449 ϡ
4450 
4451 ˰
4453 
4455 
4457 
4458 
4459 
4460 
4464 
4466 
4468 
4469 
4470 
4471 
4472 
4473 
4476 
4479 
4480 
4481 ӱ
4482 
4484 
4486 
4489 
4492 
4493 
4494 Ѩ
4496 
4497 
4498 
4499 ͻ
4500 
4502 
4503 
4504 խ
4506 
4507 
4510 
4511 
4512 
4514 
4515 
4516 
4517 
4518 
4519 
4521 
4522 
4523 Ҥ
4524 
4526 
4527 
4529 
4533 
4534 
4535 
4537 
4538 
4539 
4541 վ
4544 
4545 
4546 
4547 ͯ
4548 
4549 
4550 
4551 
4552 
4553 
4554 
4555 
4556 
4557 
4558 
4559 
4560 
4561 
4562 Ц
4563 
4564 
4565 
4566 
4567 
4568 
4569 
4570 
4571 
4572 
4573 
4574 
4575 
4576 
4578 
4579 
4580 
4581 
4582 
4583 
4585 
4586 
4589 
4590 
4591 
4592 Ͳ
4594 
4595 
4596 
4599 
4600 
4602 
4603 
4605 
4607 
4608 
4611 
4613 
4614 
4615 
4617 
4619 
4620 
4621 
4625 
4627 
4628 
4630 
4631 
4632 
4634 
4635 
4637 ׭
4638 ƪ
4640 
4643 
4644 
4645 
4647 
4648 
4652 ɸ
4653 
4654 
4656 
4659 
4660 
4662 
4663 
4664 ¨
4665 
4666 
4667 
4668 
4672 
4673 
4675 
4676 
4678 
4679 
4681 
4682 
4684 
4687 ǩ
4689 
4691 
4693 
4694 
4699 
4703 
4704 
4705 
4710 
4712 
4713 
4717 
4720 
4721 
4722 
4723 
4724 ճ
4725 
4726 
4727 
4728 
4729 
4731 
4732 
4733 
4734 
4736 
4737 
4738 
4739 
4741 
4742 
4743 
4744 
4745 
4746 
4747 
4748 
4749 
4750 
4751 
4754 Ŵ
4755 
4756 
4757 
4759 
4761 
4762 ϵ
4763 
4764 
4765 
4766 Լ
4767 
4768 
4769 
4770 
4771 
4772 
4773 
4780 
4781 Ŧ
4782 
4783 
4784 ɴ
4786 ֽ
4787 
4788 
4789 
4790 
4791 
4792 
4793 
4794 
4797 
4798 ϸ
4799 
4800 
4801 
4802 
4803 
4805 
4806 
4807 
4809 
4810 
4811 
4814 
4815 
4818 
4819 
4820 
4821 Ѥ
4822 
4823 
4825 
4827 ͳ
4828 ˿
4829 
4831 
4834 
4835 
4836 
4837 
4840 
4842 
4843 
4844 
4845 
4846 
4847 
4848 
4849 
4850 ά
4851 
4852 
4854 
4855 
4856 ׺
4858 
4859 
4860 
4861 
4862 
4866 
4867 
4868 
4869 
4870 
4872 
4873 
4874 
4875 
4876 
4877 
4878 
4880 
4882 
4883 
4884 
4885 γ
4886 
4889 
4891 
4893 
4895 
4896 
4897 
4898 
4899 
4900 
4902 
4903 
4904 
4905 
4906 
4907 
4908 
4909 
4911 
4912 
4913 
4915 
4916 
4917 
4918 
4919 
4920 
4921 
4923 
4924 
4925 
4926 
4930 ֯
4931 
4933 
4935 
4936 
4938 
4939 
4940 
4942 
4943 
4944 
4945 
4946 
4947 
4949 
4951 
4952 
4953 
4956 
4957 
4958 
4960 
4961 
4962 
4964 ӧ
4966 
4968 
4969 
4970 
4971 
4972 ȱ
4977 
4978 
4981 
4984 
4986 
4987 
4988 
4989 
4992 
4993 
4996 
4997 
4999 
5000 
5001 
5002 
5006 
5007 
5008 
5012 
5013 
5015 
5016 
5017 
5018 Ǽ
5019 
5021 
5024 
5025 
5026 
5028 Ⱥ
5029 
5030 
5031 
5032 
5033 
5035 
5036 
5037 
5038 
5040 
5041 
5042 
5043 
5044 
5045 ϰ
5046 
5047 
5049 
5050 
5051 
5053 
5054 
5055 
5056 
5058 
5060 
5061 
5062 
5063 
5064 
5065 
5069 ҫ
5070 
5071 
5072 
5073 
5074 
5075 
5077 
5079 
5080 ˣ
5082 
5085 
5086 
5087 
5088 
5089 
5090 
5091 
5092 
5095 
5096 
5097 
5098 
5100 
5101 
5102 Ү
5103 
5104 
5105 
5106 
5107 
5108 
5109 
5110 ʥ
5111 Ƹ
5112 
5113 
5114 
5115 
5116 
5117 
5118 
5119 
5120 ְ
5122 
5123 
5124 
5125 
5126 
5127 
5128 
5129 
5130 
5131 
5132 
5133 
5134 
5135 Ф
5136 
5137 
5138 
5139 
5140 
5141 ֫
5142 
5143 
5144 
5145 
5146 
5147 
5148 
5149 
5151 
5152 θ
5153 
5154 
5155 
5157 
5158 ̥
5159 
5160 
5161 
5162 
5163 
5164 
5165 
5166 
5167 
5168 
5169 
5170 
5171 
5172 
5173 
5174 
5176 ֬
5177 
5178 в
5180 
5182 
5183 
5184 
5185 
5186 
5187 
5191 
5192 
5193 
5194 
5195 
5196 Ƣ
5197 
5198 
5199 Ҹ
5200 
5201 
5202 
5203 
5204 ǻ
5205 
5206 
5207 
5208 
5209 
5210 
5212 
5213 
5214 
5215 
5216 
5217 
5218 
5219 
5220 
5221 
5222 
5224 
5225 
5227 
5228 
5229 Ĥ
5230 ϥ
5231 
5232 
5234 
5235 
5238 
5239 
5240 ŧ
5241 
5242 
5244 
5245 
5246 
5247 
5250 ӷ
5251 
5253 
5254 
5255 ط
5256 
5257 
5258 
5259 
5260 
5261 
5262 
5263 
5266 
5267 
5268 
5271 
5272 
5273 
5274 
5275 
5276 Ҩ
5277 
5278 
5279 
5280 
5281 
5282 
5283 
5285 
5286 
5287 
5288 
5289 
5292 
5293 ˴
5294 
5296 
5297 
5299 
5300 
5301 
5302 
5304 
5305 
5306 
5307 
5308 
5310 
5311 
5312 ͧ
5313 
5314 
5318 
5319 
5320 
5321 
5322 
5324 
5325 
5326 ø
5327 
5328 
5329 
5330 
5331 ɫ
5332 
5333 
5336 ܴ
5337 
5339 ܹ
5340 ܷ
5341 
5342 
5343 ܺ
5344 ܻ
5345 â
5346 ܽ
5347 ֥
5348 
5349 
5350 ܵ
5351 
5353 ܸ
5354 
5355 
5356 
5357 ܾ
5358 
5359 
5360 
5361 о
5362 
5363 
5364 
5365 
5366 ܿ
5367 
5368 ۻ
5370 ѿ
5371 ݯ
5372 
5373 Է
5374 
5375 
5376 
5377 ̦
5378 
5379 
5380 
5381 
5382 
5383 
5384 
5385 
5386 
5387 
5388 
5389 
5390 ɻ
5391 Ӣ
5392 
5393 ƻ
5394 
5398 
5399 ï
5400 
5401 
5402 
5403 é
5404 
5406 
5407 
5408 
5409 
5412 
5413 ã
5414 
5415 
5416 
5417 
5418 
5419 
5420 
5422 
5423 
5424 
5425 
5426 
5427 
5428 ݩ
5429 
5430 
5432 
5433 
5434 
5435 
5436 
5438 
5440 
5441 ݶ
5442 ݱ
5443 ݴ
5444 ݰ
5446 ɯ
5447 
5448 ݮ
5449 
5450 ݷ
5451 ݸ
5452 ݬ
5453 
5454 
5455 
5456 ݹ
5457 ݳ
5458 ݭ
5459 Ī
5460 
5461 
5462 ç
5463 
5464 ݼ
5466 
5468 
5471 
5472 
5473 ݿ
5474 
5475 
5476 
5477 
5478 
5479 
5480 
5481 
5484 
5486 
5487 ݽ
5488 
5489 
5490 
5491 
5492 
5493 Ƽ
5494 ή
5495 
5496 
5497 
5500 
5501 
5503 
5504 ݫ
5505 
5507 
5508 
5510 
5511 
5513 
5514 
5515 
5516 
5517 έ
5518 
5519 
5520 
5521 
5522 ҩ
5523 
5524 
5525 
5526 
5527 
5528 
5530 
5531 
5535 ݪ
5536 
5537 
5538 
5543 
5544 
5545 
5546 
5547 
5548 
5549 ݥ
5550 
5552 
5554 
5555 
5556 
5557 
5558 
5560 
5562 
5563 
5564 
5565 
5566 
5570 
5571 
5572 
5573 ݻ
5575 ޢ
5576 
5577 ܼ
5578 ޤ
5581 ޣ
5583 
5584 ޮ
5585 
5587 
5588 ε
5589 
5590 
5591 
5592 
5593 
5596 
5598 
5599 
5600 
5601 ު
5603 ެ
5604 
5605 
5606 
5607 ݵ
5608 ޡ
5609 
5610 ޥ
5612 ީ
5614 
5615 ާ
5616 
5617 
5618 
5620 
5621 
5622 ަ
5624 ި
5626 
5628 
5631 
5632 ޶
5633 ޱ
5634 
5636 
5638 Ǿ
5641 Ѧ
5642 
5643 ޵
5645 ް
5646 
5647 н
5648 ޯ
5649 
5650 ޲
5651 ޹
5653 ޷
5654 
5659 
5660 ݣ
5661 
5662 
5663 
5664 ޻
5665 ź
5668 ޼
5669 
5671 
5672 
5674 ޴
5676 
5677 
5679 
5681 ޽
5682 ޭ
5683 ޿
5684 «
5685 
5686 
5688 
5691 ޺
5692 
5693 
5694 
5695 
5698 ޾
5699 պ
5700 
5701 
5704 Ģ
5705 
5706 
5707 Ű
5709 
5710 
5711 
5712 ²
5713 
5714 
5716 
5719 
5721 
5722 
5723 ʭ
5724 
5725 
5726 
5727 
5728 
5729 
5730 
5731 
5732 
5733 
5734 
5735 
5736 
5737 
5738 
5739 
5740 
5741 
5742 
5743 
5745 
5746 
5747 
5748 
5749 
5750 
5751 
5752 
5753 
5754 
5756 
5757 
5758 
5759 
5760 
5761 
5762 
5763 
5764 
5765 
5767 
5768 
5769 Ӽ
5770 
5771 
5772 
5773 
5774 
5776 ֩
5777 
5778 
5779 
5780 
5781 
5782 
5783 
5784 
5785 
5786 
5788 
5789 
5790 
5791 Ы
5792 
5793 ʴ
5794 
5796 
5798 
5799 
5800 
5801 
5802 Ϻ
5803 
5805 
5806 
5807 
5808 
5809 
5811 
5812 
5813 
5814 
5815 
5816 
5817 
5818 
5819 
5820 
5821 ө
5823 
5824 
5825 
5826 
5828 
5829 
5830 
5832 
5833 
5834 
5835 
5837 
5838 
5839 
5840 
5841 
5842 
5843 
5844 
5845 
5846 
5847 
5848 
5851 з
5852 
5853 
5855 
5856 
5859 Ӭ
5860 
5862 
5863 
5864 
5867 
5868 
5869 
5871 
5872 
5873 
5875 
5876 
5877 Ѫ
5878 
5880 
5881 
5883 
5887 
5888 
5893 
5894 
5895 
5898 
5899 
5900 
5902 
5903 
5904 
5905 ˥
5906 
5907 
5908 
5910 
5911 
5912 
5913 Ԭ
5914 
5915 
5916 
5917 ̻
5918 
5920 
5924 
5925 
5926 
5927 
5930 
5931 
5932 
5933 
5934 
5935 
5938 
5939 
5940 ԣ
5941 
5942 ȹ
5943 
5944 װ
5945 
5947 
5949 
5950 
5951 
5952 
5953 
5954 
5955 
5957 
5959 
5962 
5963 
5964 
5965 
5967 
5968 
5969 
5970 
5971 
5972 
5973 
5974 
5977 
5978 
5980 
5981 
5982 
5983 
5984 
5988 
5990 
5991 
5992 
5993 
5995 
5996 
5997 
6000 
6002 Ϯ
6007 
6008 Ҫ
6009 
6010 
6011 
6014 
6015 
6016 
6017 
6018 
6019 
6021 
6022 
6024 
6025 
6026 
6027 
6028 
6030 
6031 
6032 
6034 
6036 
6037 
6039 
6040 
6043 
6044 
6046 
6049 
6050 
6051 
6052 
6055 
6056 
6057 
6058 
6059 
6060 
6061 Ѷ
6062 
6063 ڦ
6064 ѵ
6065 ڨ
6066 
6068 
6069 ڧ
6073 
6074 
6075 
6076 
6077 ګ
6078 
6079 
6080 
6083 
6084 ڭ
6085 
6086 ֤
6088 
6089 ڬ
6090 ڮ
6091 
6093 ڪ
6094 թ
6095 ڱ
6096 گ
6097 
6099 ڰ
6100 
6101 
6103 ڼ
6104 ѯ
6105 
6107 
6108 ʫ
6109 
6110 ڸ
6111 
6112 ڹ
6113 ڵ
6114 
6115 
6116 
6117 ڶ
6118 ڴ
6119 ڲ
6120 ڳ
6121 
6123 ڷ
6124 ղ
6126 
6128 ڿ
6129 
6130 
6131 
6132 ڽ
6133 
6134 
6135 
6136 
6137 
6138 ھ
6139 
6140 
6141 ˵
6142 ˭
6143 
6144 
6145 
6146 
6148 
6149 
6150 ׻
6151 ̸
6152 
6153 
6154 ں
6155 
6156 
6157 
6158 
6159 
6161 
6163 
6166 
6167 
6168 г
6169 
6170 
6171 
6172 
6173 
6174 
6175 
6176 
6178 
6179 ŵ
6180 ı
6181 
6182 ν
6183 
6186 
6187 
6188 
6190 
6192 
6193 
6194 
6195 
6196 
6197 ǫ
6198 
6199 
6200 л
6202 ҥ
6204 
6205 
6206 
6207 
6208 
6209 ک
6210 
6211 á
6216 
6217 
6220 
6221 ʶ
6222 
6223 ̷
6224 
6225 
6226 
6228 
6229 Ʃ
6230 
6231 
6232 Ǵ
6233 
6235 
6236 
6237 
6239 
6241 
6243 
6244 
6245 
6249 
6250 
6253 
6255 
6257 
6258 
6259 
6261 
6262 
6263 
6269 
6270 
6272 
6273 
6275 
6276 ԥ
6279 
6281 
6282 
6283 
6284 
6285 
6287 
6288 
6289 
6290 ò
6293 
6294 ڻ
6295 
6296 
6297 
6298 
6299 
6300 
6302 ƶ
6303 
6304 ̰
6305 
6306 
6307 
6308 
6309 
6310 
6311 
6312 
6313 
6314 
6315 
6316 
6317 
6318 
6319 ó
6320 
6321 
6322 
6323 ¸
6324 
6325 
6326 
6327 
6328 
6329 
6331 
6332 
6333 
6334 
6336 
6337 
6339 
6340 
6341 
6342 
6343 
6344 
6345 
6346 
6347 
6348 
6349 
6350 
6351 
6354 ׬
6355 
6356 
6357 
6358 
6360 
6361 ׸
6362 
6363 
6365 
6366 Ӯ
6367 
6368 
6370 
6372 
6373 
6375 
6376 
6377 
6378 
6379 
6381 
6382 
6383 
6384 
6385 
6386 
6387 
6388 
6389 
6390 Խ
6392 
6393 Ȥ
6394 
6395 
6396 
6397 
6398 
6399 
6400 ֺ
6402 
6405 
6407 
6408 
6409 
6410 
6412 
6413 
6414 
6415 
6416 
6417 
6418 
6420 
6421 
6422 
6423 
6424 ·
6425 
6426 
6427 
6428 
6429 ӻ
6431 ̤
6432 
6433 
6434 
6435 
6436 
6437 
6438 
6442 
6443 
6446 
6447 
6449 
6450 
6451 
6452 
6453 
6454 
6456 
6457 
6458 
6459 
6460 Ծ
6461 
6462 
6464 
6466 
6471 
6472 
6473 
6474 
6475 
6478 
6479 
6480 
6481 
6483 
6484 
6485 
6486 
6487 
6488 ̣
6489 
6490 
6491 
6492 
6493 
6494 
6495 
6497 
6498 
6500 
6501 
6503 
6504 
6507 
6508 
6509 
6510 
6511 
6513 
6514 
6515 
6516 
6517 
6518 
6519 
6520 
6521 
6522 
6523 
6524 
6525 
6526 
6528 
6530 
6531 
6532 
6534 
6535 
6538 
6539 
6540 
6541 
6542 
6543 
6544 
6545 
6547 
6549 
6550 
6551 
6553 
6558 շ
6559 
6560 
6561 Ͻ
6562 ԯ
6564 
6567 ת
6568 
6569 
6575 
6576 
6577 
6578 
6580 
6581 
6582 
6584 
6586 
6587 
6588 
6589 
6590 
6591 
6592 
6593 ũ
6594 
6595 
6596 
6597 
6598 Ѹ
6601 ӭ
6602 
6603 
6604 
6605 
6606 
6607 
6608 
6609 
6610 
6611 
6612 
6613 
6614 
6615 
6617 
6618 
6619 
6620 ׷
6622 
6623 
6624 
6625 
6626 
6627 
6628 
6629 
6630 
6631 ͸
6632 
6633 
6634 ;
6635 
6636 
6637 
6638 
6639 ͨ
6640 
6641 
6642 
6643 
6644 
6645 
6646 
6647 
6648 
6649 
6651 
6652 
6653 
6654 
6656 
6657 
6658 
6659 
6660 
6661 
6663 
6664 
6665 
6666 
6667 
6668 
6669 
6670 
6671 
6672 Υ
6673 
6674 ң
6675 
6676 ѷ
6677 
6678 Զ
6680 ǲ
6681 
6683 
6685 
6686 
6688 
6689 
6690 
6692 Ǩ
6693 ѡ
6695 
6697 
6698 
6699 
6700 
6701 
6702 
6703 
6705 
6706 
6707 
6708 
6709 
6710 
6711 
6712 
6713 
6714 
6715 
6716 
6717 
6719 
6720 
6721 
6723 а
6725 
6726 
6728 
6729 
6730 
6731 
6732 ۡ
6733 ۢ
6735 
6736 ۤ
6737 ۨ
6738 
6739 ۥ
6741 ۭ
6742 ۧ
6744 ۮ
6745 
6746 
6747 ۫
6750 ۬
6751 ۣ
6752 
6753 
6754 
6755 
6756 ۰
6757 
6759 
6760 
6761 ۲
6762 
6763 
6765 
6766 
6768 ۳
6769 ۴
6772 
6774 ֣
6775 
6776 ۶
6777 
6778 ۦ
6779 
6780 ۸
6781 ۷
6782 
6784 ۹
6785 ۺ
6786 ۪
6787 
6788 
6789 
6790 
6791 
6792 
6793 
6794 
6796 
6797 
6798 
6799 
6800 
6801 
6802 
6803 
6804 
6805 
6806 
6807 
6808 
6809 
6810 
6811 ̪
6813 
6815 
6816 
6818 
6819 
6820 
6821 
6824 
6826 
6828 
6829 ҽ
6830 
6831 
6832 
6833 
6835 
6836 
6840 
6844 
6845 
6846 
6847 
6848 
6849 
6850 
6851 Ұ
6852 
6854 п
6855 
6856 
6857 
6858 
6859 
6860 
6861 
6862 
6865 
6867 
6868 
6869 
6870 
6871 
6872 
6873 ť
6874 
6875 
6876 
6877 
6879 
6880 
6881 
6883 ǯ
6884 Ǧ
6885 
6886 
6890 
6891 
6892 
6893 
6894 ͭ
6895 
6896 
6897 ϳ
6898 
6899 
6900 
6902 
6903 
6904 
6905 
6906 
6907 
6908 
6909 
6910 
6911 
6912 
6913 
6914 
6915 
6917 
6920 
6921 
6922 ¼
6923 ׶
6924 
6925 
6926 
6927 
6928 
6929 Ǯ
6930 
6931 ê
6932 
6933 
6934 
6935 
6938 
6939 
6940 
6941 
6942 
6943 
6945 
6946 
6947 
6948 
6950 
6951 
6953 
6956 
6959 
6963 
6964 
6965 
6966 
6967 
6968 
6969 
6970 
6971 
6972 
6973 
6974 
6975 
6976 
6977 
6978 
6979 
6980 
6982 
6983 
6984 
6985 
6986 
6987 
6988 
6989 
6990 
6991 
6992 
6993 
6995 
6996 
6997 
6999 
7000 
7001 
7003 
7005 
7007 
7009 
7011 Կ
7012 
7013 
7015 
7017 
7019 
7020 
7021 
7022 
7023 
7024 
7025 
7026 
7027 
7028 
7030 
7031 
7032 
7033 
7035 
7036 
7037 բ
7039 
7041 
7042 
7043 
7044 
7045 
7046 
7047 
7048 
7049 
7050 
7051 
7052 
7053 
7054 
7055 
7057 
7059 
7060 
7061 
7063 
7064 
7066 
7067 
7068 
7070 
7073 
7074 
7077 
7079 
7080 
7082 
7084 
7086 
7088 
7089 
7090 
7091 
7092 
7093 
7094 
7095 
7096 
7097 ª
7098 
7099 İ
7100 
7101 
7102 
7103 
7104 
7105 
7106 
7107 
7108 Ժ
7109 
7110 
7111 
7112 
7113 
7114 
7115 
7116 
7117 
7118 
7119 
7120 ½
7122 
7124 
7126 
7127 ¡
7128 
7129 
7130 
7131 
7132 
7133 
7134 
7136 
7137 
7138 ϶
7139 
7140 
7143 
7145 
7147 
7148 
7149 
7150 ¤
7151 
7152 
7154 
7155 
7157 
7158 ȸ
7159 
7160 
7161 
7162 
7163 
7164 
7165 
7166 
7167 Ӻ
7168 
7170 
7171 
7173 
7175 ˫
7176 
7177 
7180 
7181 
7182 
7183 
7184 
7185 ѩ
7186 
7190 
7191 
7192 
7193 
7194 
7197 
7198 
7199 ù
7200 
7201 
7202 
7203 
7204 
7206 
7207 
7208 ˪
7209 ϼ
7212 
7213 
7214 
7216 ¶
7218 
7219 
7221 
7223 
7224 
7225 
7227 
7230 
7231 
7232 
7233 
7234 
7235 
7236 
7237 
7238 
7239 
7240 
7243 
7244 ǥ
7245 
7246 
7247 ѥ
7248 
7249 
7251 
7254 
7255 
7256 Ь
7258 
7263 
7265 
7267 
7271 
7272 
7275 
7277 
7278 
7279 Τ
7281 
7282 
7289 
7290 
7291 
7294 
7295 
7299 
7300 
7301 
7305 
7306 ҳ
7307 
7308 
7309 
7310 
7311 ˳
7312 
7313 
7314 
7315 Ԥ
7316 
7317 
7318 
7319 
7320 
7322 
7324 
7325 
7327 
7328 
7329 
7331 
7333 ͷ
7335 
7336 
7338 
7339 
7340 Ƶ
7341 
7344 
7345 
7346 
7348 
7350 
7351 
7352 
7354 
7355 
7357 
7358 
7359 
7360 
7361 ­
7362 ȧ
7364 
7366 
7367 
7372 
7373 Ʈ
7374 
7378 
7379 ȩ
7380 ʳ
7382 
7384 
7385 
7386 
7387 
7388 
7389 
7390 
7391 
7392 
7393 
7394 
7395 
7398 
7399 
7401 
7402 
7403 
7404 
7407 
7408 
7411 
7412 
7414 
7415 
7416 
7418 
7419 
7421 
7424 
7426 
7429 
7431 
7432 
7433 
7437 
7438 
7439 
7440 
7441 
7443 
7445 
7446 
7447 ظ
7448 Ȳ
7449 
7450 
7451 ܰ
7455 
7456 
7457 Ԧ
7458 
7459 
7460 ѱ
7461 
7463 
7465 פ
7466 
7467 
7468 
7469 
7470 
7471 ʻ
7474 
7475 
7478 
7480 
7482 
7486 
7488 
7489 
7494 
7496 
7497 
7499 ƭ
7500 
7505 
7506 
7507 
7509 
7510 ɧ
7511 
7512 
7513 
7514 
7515 
7516 
7517 
7520 
7522 
7524 
7526 
7528 
7531 
7532 
7533 ¿
7534 
7535 
7536 
7537 
7539 
7541 
7542 
7543 
7544 
7545 
7546 
7547 
7549 
7551 
7553 
7555 
7556 
7557 
7558 
7559 
7560 
7561 
7562 
7565 
7567 
7568 
7570 
7571 
7573 
7574 
7576 
7587 
7588 
7589 
7591 
7593 
7594 
7596 
7597 
7598 
7600 
7601 ت
7605 
7607 
7608 
7609 
7610 
7611 
7613 
7614 κ
7617 
7618 
7619 
7620 
7621 ħ
7623 
7624 
7625 
7626 
7627 ³
7629 
7630 
7631 
7632 
7634 
7635 
7637 
7638 
7639 
7640 
7641 
7642 
7643 
7644 
7645 
7646 
7647 
7649 
7650 
7651 
7652 
7653 
7654 
7655 
7657 
7658 
7659 
7661 
7662 
7663 
7664 
7665 
7667 
7668 
7669 
7670 
7673 
7674 
7675 
7676 
7677 
7678 
7680 
7682 
7683 
7685 
7686 
7687 
7689 
7690 
7691 
7693 ѻ
7696 ԧ
7698 
7699 
7700 Ѽ
7702 
7703 
7704 
7707 
7708 
7709 
7710 
7711 
7712 
7713 
7714 
7715 
7717 ȵ
7718 
7720 
7724 
7725 
7726 
7727 ݺ
7729 
7732 
7737 
7738 
7740 
7741 
7743 Ÿ
7744 
7747 
7748 
7750 
7751 ӥ
7752 
7753 
7754 
7755 
7756 
7760 
7761 
7762 
7764 
7765 
7767 ±
7769 
7770 
7771 
7772 
7773 ¹
7774 
7775 
7778 
7779 
7780 
7784 
7785 ´
7787 
7790 
7792 
7795 
7796 
7800 
7801 
7802 
7803 
7804 
7806 
7808 
7809 
7810 
7811 
7812 
7815 
7816 ǭ
7817 Ĭ
7818 
7819 
7820 
7821 
7822 
7823 
7824 
7825 
7826 
7830 
7831 
7832 
7833 
7834 
7835 
7836 
7837 
7842 
7843 
7844 
7845 ؾ
7849 
7851 ػ
7853 ܱ
7856 
7857 
7858 
7860 
7861 
7862 
7863 
7864 
7865 
7866 
7867 
7870 
7871 
7872 ի
7874 
7876 
7877 
7880 
7881 
7882 
7883 
7886 
7887 
7889 ȣ
7890 
7891 
7893 
7895 
7896 
7897 
7898 
7899 
7900 
7904 ͪ
7905 
7907 
7908 
7909 
7910 ϩ
7911 
7912 
7913 
7914 
7915 ݡ
7916 
7917 ҿ
7918 
7919 
7920 
7921 
7923 
7924 
7926 
7927 
8000 آ
8001 
8002 
8003 ƹ
8004 
8005 
8006 ث
8010 ô
8012 
8015 ء
8016 
8017 ب
8021 
8022 
8026 ٤
8028 
8032 ٮ
8034 ٦
8045 ٴ
8048 ٷ
8049 ٶ
8056 
8064 
8067 ټ
8069 
8072 
8079 
8080 
8093 
8096 
8104 
8105 
8109 
8113 ѫ
8116 
8123 ֨
8126 
8131 
8135 
8136 
8139 
8142 
8143 
8146 
8147 
8148 
8166 
8167 
8168 
8172 ߼
8174 
8177 
8178 
8182 ߿
8183 
8185 
8186 
8188 
8189 
8191 
8197 
8198 
8199 
8201 
8209 
8211 
8217 
8218 
8219 
8224 
8227 ܣ
8229 ܡ
8232 ܥ
8239 ܢ
8241 
8242 ܫ
8247 ܪ
8255 ǽ
8262 
8263 
8268 
8280 
8296 
8300 
8301 
8302 
8324 
8325 
8326 
8328 
8338 
8339 
8342 
8343 
8354 
8360 
8363 
8373 
8381 
8384 ߰
8388 
8422 Ǥ
8428 
8429 
8432 
8438 
8439 
8445 
8448 
8457 
8459 
8464 
8466 
8471 
8473 
8474 ߧ
8490 
8502 
8504 
8508 
8512 
8514 
8518 
8519 
8530 
8552 
8565 
8571 
8576 
8587 
8589 
8594 
8599 
8601 
8603 
8633 
8636 
8637 
8638 
8640 
8641 
8642 
8644 
8645 
8646 
8647 
8648 
8660 
8673 ӿ
8680 
8681 
8685 
8692 
8693 
8694 
8697 
8699 
8700 
8702 
8708 
8709 
8714 
8717 
8732 
8746 
8759 
8763 
8781 
8787 
8799 
8811 
8813 
8814 
8825 
8827 
8828 
8829 
8834 
8835 
8840 
8842 
8851 
8853 
8858 
8859 
8871 
8873 
8877 
8880 
8883 
8901 
8904 
8905 
8915 
8918 
8926 
8928 
8932 
8935 
8938 
8943 
8944 
8947 
8948 
8951 
8955 ̼
8968 
8969 
8970 
8981 
9002 
9010 
9018 
9035 
9037 
9040 
9041 
9048 
9055 
9057 
9064 
9065 
9071 
9088 
9090 
9107 
9109 
9112 
9113 
9115 
9116 
9120 
9126 
9131 
9136 
9141 
9152 
9153 
9167 
9173 
9190 
9195 
9201 
9223 
9227 
9230 
9231 
9236 
9237 
9242 
9260 
9268 
9278 
9294 ڻ
9301 
9328 
9332 
9338 
9345 
9349 
9351 
9363 
9368 
9374 
9380 
9386 
9395 ۯ
9398 ۩
9401 ۱
9410 ۵
9426 
9428 
9432 
9433 
9437 
9438 
9440 
9443 
9445 
9448 
9449 
9450 í
9453 
9456 
9459 
9465 
9466 
9467 
9475 
9477 
9478 
9481 
9482 
9484 ա
9485 þ
9490 
9493 
9494 
9495 
9496 
9497 
9503 
9505 
9506 
9507 
9509 
9510 
9515 
9527 
9532 
9557 
9577 
9587 
9600 
9615 
9623 
9629 
9641 
9642 
9643 
9646 
9647 
9648 
9650 
9652 
9653 
9654 
9655 
9656 
9657 
9660 
9661 
9662 
9663 
9676 
9690 
9694 
9701 һ
9702 
9703 
9704 
9705 
9706 
9707 
9708 
9709 
9710 ʮ
9711 ʮ
9712 ʮ
9720 
9721 
9722 
9723 
9724 
9725 
9726 
9727 
9728 
9729 
9730 
9731 
9732 
9733 
9734 
9735 
9736 
9737 
9738 
9739 
9740 
9741 
9742 
9743 
9744 
9745 
9746 
9747 
9748 
9749 
9750 
9751 
9752 
9753 
9754 
9755 
9756 
9768 
9769 
9770 
9771 
9772 
9773 
9774 
9775 
9776 
9777 
9778 
9779 
9780 
9781 
9782 
9783 
9784 
9785 
9786 
9787 
9788 
9789 
9790 
9791 
9792 
9793 
9794 
9795 
9796 
9797 
9798 
9799 
9800 
9801 һ
9802 
9803 
9804 
9805 
9806 
9807 
9808 
9809 
9810 ʮ
9811 ʮ
9812 ʮ
9813 ʮ
9814 ʮ
9815 ʮ
9816 ʮ
9817 ʮ
9818 ʮ
9819 ʮ
9820 إ
9821 إ
9822 إ
9823 إ
9824 إ
9874 
9875 
9876 
9877 
9878 
9879 
9880 
9881 
9882 
9883 
9884 
9885 
9886 
9887 
9888 
9889 
9890 
9891 
9892 
9893 
9894 
9895 
9896 
9897 
9898 
9899 
9901 һ
9902 
9903 
9904 
9905 
9906 
9907 
9908 
9909 
9910 ʮ
9911 ʮ
9912 ʮ
9913 ʮ
9914 ʮ
9915 ʮ
9916 ʮ
9917 ʮ
9918 ʮ
9919 ʮ
9920 إ
9921 إ
9922 إ
9923 إ
9924 إ
9925 إ
9926 إ
9927 إ
9928 إ
9929 إ
9930 ئ
9931 ئ
9941 
9942 
9943 
9944 
9945 
9946 
9947 
9948 
9949 
9950 
9959 
9960 
9961 
9962 
9963 
9964 
9965 
9966 
9967 
9968 
9969 
9970 
9971 
9972 
9973 
9974 
9975 
9976 
9977 
9978 
9979 
9980 
9981 
9982 
9983 
9988 
9989 
9990 
9992 
9993 
9996 
9997 
9998 
9999 